# No.Blocks      Mean       Error        Error_in_Error
       23826  -13455.6134180672       0.770777216909259     
  3.530997552649691E-003
       11913  -13455.6134180672        1.08873613753073     
  7.053672605687709E-003
        5956  -13455.6035293266        1.53729919544130     
  1.408648117276881E-002
        2978  -13455.6035293266        2.16790142877390     
  2.809539332548170E-002
        1489  -13455.6035293266        3.04401975260176     
  5.579958934838277E-002
         744  -13455.5169671145        4.27043819615610     
  0.110780427363941     
         372  -13455.5169671145        5.99898889139539     
  0.220229810499690     
         186  -13455.5169671145        8.45615018635000     
  0.439614314912476     
          93  -13455.5169671145        11.8636842209644     
  0.874602404371486     
          46  -13454.2504888487        16.8275997155616     
   1.77378475515920     
          23  -13454.2504888487        23.6067067060952     
   3.55884494000384     
          11  -13448.5239483067        34.3270362696706     
   7.67575865650843     
           5  -13435.2628845615        51.9118782517146     
   18.3536205679589     
           2  -13404.4381298709        51.7818734865237     
   36.6153138848648     
