# No.Blocks      Mean       Error        Error_in_Error
       21778 -0.465208220548260       5.803710143555845E-005
  2.780940460672181E-007
       10889 -0.465208220548260       8.144159126534802E-005
  5.518959368251681E-007
        5444 -0.465207800702608       1.129356930957091E-004
  1.082423111327243E-006
        2722 -0.465207800702608       1.518799752466178E-004
  2.058833607951874E-006
        1361 -0.465207800702608       1.849943788683866E-004
  3.547105293140458E-006
         680 -0.465202867697610       2.076148625570222E-004
  5.633892490187846E-006
         340 -0.465202867697610       2.036846040572931E-004
  7.822460092747029E-006
         170 -0.465202867697610       1.991406996342394E-004
  1.083182608627724E-005
          85 -0.465202867697610       1.943760288130276E-004
  1.499643619908913E-005
          42 -0.465196164680990       1.959325756231522E-004
  2.163713333383997E-005
          21 -0.465196164680990       1.692269945705590E-004
  2.675713722139571E-005
          10 -0.465283308085938       1.631073907400217E-004
  3.844478068463775E-005
           5 -0.465283308085938       1.699334544771580E-004
  6.008054900562695E-005
           2 -0.465342116143799       1.981338073996501E-004
  1.401017587946019E-004
