# No.Blocks      Mean       Error        Error_in_Error
       23804  -38473.0542016914        2.38957193798150     
  1.095189479672186E-002
       11902  -38473.0542016914        3.37865260872599     
  2.189963188238420E-002
        5951  -38473.0542016914        4.77333737293172     
  4.375711195575099E-002
        2975  -38472.9893295301        6.74305710476546     
  8.743219018946145E-002
        1487  -38472.8657165771        9.51919026244307     
  0.174612610307875     
         743  -38472.6112259189        13.4218128265452     
  0.348412900970305     
         371  -38472.0821280187        18.9448921930323     
  0.696428087715410     
         185  -38471.1473686407        26.8144237155616     
   1.39779846233211     
          92  -38469.2413707205        37.8955810694018     
   2.80900735721695     
          46  -38469.2413707205        53.7879914779595     
   5.66975212786929     
          23  -38469.2413707205        76.0274180420776     
   11.4615645193213     
          11  -38453.1034485416        111.699151927878     
   24.9766896739811     
           5  -38414.6925564532        173.299221940608     
   61.2705275042782     
           2  -38307.5924879886        193.093918076711     
   136.538018877922     
