# No.Blocks      Mean       Error        Error_in_Error
       23292 -0.465253121028680       3.586534654629352E-005
  1.661751065858280E-007
       11646 -0.465253121028679       5.040404889866044E-005
  3.302787862678886E-007
        5823 -0.465253121028680       6.984091659607277E-005
  6.472302873893372E-007
        2911 -0.465252743614737       9.475458445008832E-005
  1.242049027198094E-006
        1455 -0.465253383178694       1.205158384383956E-004
  2.234842519008759E-006
         727 -0.465251911683288       1.325687715040409E-004
  3.479027996090729E-006
         363 -0.465246466868974       1.232698489882485E-004
  4.581287858086864E-006
         181 -0.465253072138294       1.259491401117862E-004
  6.638102534881976E-006
          90 -0.465245712217882       1.382522207381408E-004
  1.036244205172873E-005
          45 -0.465245712217882       1.358355830711693E-004
  1.448012180867766E-005
          22 -0.465233569540128       1.125829220602936E-004
  1.737192202242440E-005
          11 -0.465233569540128       9.749307647071872E-005
  2.180011463241123E-005
           5 -0.465180951420898       6.361917797996306E-005
  2.249277608157288E-005
           2 -0.465215506524658       4.781625338925147E-005
  3.381119702247394E-005
