# Block_length   Mean       Error        Error_in_Error
        9412 -0.478191531302558       1.295497526245683E-005
  9.442863318401911E-008
        4706 -0.478191531302558       1.806459376924832E-005
  1.862230297136890E-007
        2353 -0.478191531302558       2.489147099334960E-005
  3.629250171487789E-007
        1176 -0.478191580025081       3.362300175402616E-005
  6.935895674419853E-007
         588 -0.478191580025081       4.356570983637794E-005
  1.271483550974291E-006
         294 -0.478191580025081       5.341932647976322E-005
  2.206732036861555E-006
         147 -0.478191580025081       6.175023898756244E-005
  3.613659405369769E-006
          73 -0.478192937533937       7.424555496425957E-005
  6.187129580354964E-006
          36 -0.478191573448855       8.955550508790399E-005
  1.070393018044547E-005
          18 -0.478191573448855       1.195099031153079E-004
  2.049577929479361E-005
           9 -0.478191573448855       1.732535485025508E-004
  4.331338712563770E-005
           4 -0.478211616973808       3.816998099777452E-004
  1.558282948937959E-004
           2 -0.478211616973808       9.253772385128101E-004
  6.543405205080892E-004
