# No.Blocks      Mean       Error        Error_in_Error
        7841   81649.4173552420        1.36103020177114     
  1.086912875210901E-002
        3920   81649.4293936682        1.92263565980630     
  2.171672658034590E-002
        1960   81649.4293936683        2.71189152620002     
  4.332515231764911E-002
         980   81649.4293936682        3.81054934663679     
  8.611548391280939E-002
         490   81649.4293936682        5.29566561950416     
  0.169336713833537     
         245   81649.4293936682        7.21838289929806     
  0.326760840504254     
         122   81649.7206571622        9.45321360206442     
  0.607675585638606     
          61   81649.7206571622        11.9703824977503     
   1.09274141933048     
          30   81649.5743333877        14.1463178472503     
   1.85750253462227     
          15   81649.5743333877        17.0822454454985     
   3.22824094881105     
           7   81645.8883837511        21.9448020243584     
   6.33491867803820     
           3   81645.3412873037        28.9329905377185     
   14.4664952688593     
