# Block_length   Mean       Error        Error_in_Error
       23826 -0.465458922741880       5.886457199804322E-006
  2.696637304568016E-008
       11913 -0.465458922741879       8.181434206044262E-006
  5.300564236371909E-008
        5956 -0.465458872872762       1.120657887139346E-005
  1.026874031750967E-007
        2978 -0.465458872872762       1.494888335238521E-005
  1.937333275339668E-007
        1489 -0.465458872872762       1.914813801841555E-005
  3.510023998039166E-007
         744 -0.465458821999246       2.371028114569516E-005
  6.150739005199942E-007
         372 -0.465458821999246       2.934542705134034E-005
  1.077304518402918E-006
         186 -0.465458821999246       4.072103610481416E-005
  2.116985861798070E-006
          93 -0.465458821999246       6.727970126941075E-005
  4.959925382339518E-006
          46 -0.465461194822555       1.253416938509802E-004
  1.321217461175397E-005
          23 -0.465461194822555       2.432159263414984E-004
  3.666618048697575E-005
          11 -0.465458602683579       5.101254435747999E-004
  1.140675168885486E-004
           5 -0.465465471377979       1.144882896139178E-003
  4.047772297622532E-004
           2 -0.465487425837423       1.801006384541328E-003
  1.273503827469440E-003
