# No.Blocks      Mean       Error        Error_in_Error
       23826   28908.2725899939        1.67342987550944     
  7.666127987862341E-003
       11913   28908.2725899939        2.36541836255694     
  1.532500495739965E-002
        5956   28908.2544420736        3.34352747341890     
  3.063719602834395E-002
        2978   28908.2544420736        4.72368294832113     
  6.121760363108960E-002
        1489   28908.2544420736        6.65177886159006     
  0.121933022476526     
         744   28908.0716298816        9.35173296934539     
  0.242595473192904     
         372   28908.0716298816        13.1227439245442     
  0.481751085067620     
         186   28908.0716298816        18.4503000679893     
  0.959185426650958     
          93   28908.0716298816        25.8990878853113     
   1.90930609021895     
          46   28905.2033520813        36.6205467672224     
   3.86014456483795     
          23   28905.2033520813        51.3004266800715     
   7.73383031286067     
          11   28893.0613179558        74.6770027275435     
   16.6982854454724     
           5   28864.1450563182        112.932388450511     
   39.9276288444749     
           2   28796.5633137264        111.589132970145     
   78.9054326299172     
