# No.Blocks      Mean       Error        Error_in_Error
       11905 -0.477368566383873       4.099321696743837E-005
  2.656749112927328E-007
        5952 -0.477368478696236       5.749091487586071E-005
  5.269740709199084E-007
        2976 -0.477368478696237       7.968446641931064E-005
  1.033035356845291E-006
        1488 -0.477368478696236       1.070241611873822E-004
  1.962507615057917E-006
         744 -0.477368478696236       1.337277476848151E-004
  3.469062507982391E-006
         372 -0.477368478696237       1.470254525485183E-004
  5.397474164327016E-006
         186 -0.477368478696237       1.397619064003561E-004
  7.265875531897870E-006
          93 -0.477368478696236       1.485710056288383E-004
  1.095279984890808E-005
          46 -0.477334725985054       1.358266221777042E-004
  1.431738309895617E-005
          23 -0.477334725985054       1.435494921651254E-004
  2.164090019808105E-005
          11 -0.477303054287997       1.389396759989415E-004
  3.106785603054291E-005
           5 -0.477316995566406       1.530577577814224E-004
  5.411408922022593E-005
           2 -0.477332994482422       3.094075195849282E-004
  2.187841552486122E-004
