# Block_length   Mean       Error        Error_in_Error
        7841 -0.477524888016800       5.193513435505857E-006
  4.147517529946273E-008
        3920 -0.477524877196232       7.251414792099723E-006
  8.190683011495317E-008
        1960 -0.477524877196231       1.000152284890127E-005
  1.597842305456339E-007
         980 -0.477524877196232       1.346653934370489E-005
  3.043334298340919E-007
         490 -0.477524877196232       1.769870008177611E-005
  5.659420224598563E-007
         245 -0.477524877196232       2.170449441116569E-005
  9.825162969952800E-007
         122 -0.477523800530906       2.485349402330648E-005
  1.597643105459940E-006
          61 -0.477523800530906       2.914710530667972E-005
  2.660754510407836E-006
          30 -0.477521133953606       3.502830074767962E-005
  4.599441220315363E-006
          15 -0.477521133953606       4.852280750996857E-005
  9.169948684716723E-006
           7 -0.477525594688322       7.190769818505801E-005
  2.075796445197481E-005
           3 -0.477517093402403       1.325546158406089E-004
  6.627730792030444E-005
