# No.Blocks      Mean       Error        Error_in_Error
        7841  -38989.6288791989       0.633366011960204     
  5.058033776360576E-003
        3920  -38989.6337443538       0.891265224466491     
  1.006709882425638E-002
        1960  -38989.6337443538        1.24762097220969     
  1.993198036627205E-002
         980  -38989.6337443538        1.72805343658634     
  3.905267833630562E-002
         490  -38989.6337443538        2.35520668804150     
  7.531120535307856E-002
         245  -38989.6337443538        3.10486903787725     
  0.140550817354267     
         122  -38989.6849204949        3.94499667118404     
  0.253593990722963     
          61  -38989.6849204949        4.97527592034541     
  0.454178475230909     
          30  -38989.3973225085        6.03633148633287     
  0.792609155029196     
          15  -38989.3973225085        7.27415999951343     
   1.37468702540045     
           7  -38988.0014043071        9.41706198383634     
   2.71847163567165     
           3  -38987.0460613605        12.3462918260973     
   6.17314591304863     
