# No.Blocks      Mean       Error        Error_in_Error
        8522  -5257.14434166344       0.255218649384253     
  1.955024145755535E-003
        4261  -5257.14434166344       0.358193752143495     
  3.880594009673648E-003
        2130  -5257.15293784403       0.499274432421074     
  7.651322330960567E-003
        1065  -5257.15293784403       0.685938141278337     
  1.486959501948226E-002
         532  -5257.19231526245       0.922091104187614     
  2.829512219683187E-002
         266  -5257.19231526245        1.18941534804849     
  5.166490123086387E-002
         133  -5257.19231526245        1.55231206424146     
  9.553820322634371E-002
          66  -5257.41344672746        2.06075482788883     
  0.180740154762557     
          33  -5257.41344672746        2.80851648058421     
  0.351064560073027     
          16  -5257.51119441234        3.71974432740172     
  0.679129292089934     
           8  -5257.51119441234        4.94219517505022     
   1.32085722025751     
           4  -5257.51119441234        5.80080282765621     
   2.36816783770859     
           2  -5257.51119441234        1.76003968432737     
   1.24453599594532     
