# No.Blocks      Mean       Error        Error_in_Error
       11082 -0.465777646354449       1.191529525877801E-004
  8.003875660333202E-007
        5541 -0.465777646354449       1.670180486882465E-004
  1.586695263145795E-006
        2770 -0.465783296895307       2.308217579199076E-004
  3.101703417444403E-006
        1385 -0.465783296895307       3.063536725736027E-004
  5.822909604674481E-006
         692 -0.465808041555275       3.676840270646107E-004
  9.890556817099776E-006
         346 -0.465808041555275       3.763860364750059E-004
  1.432877152482630E-005
         173 -0.465808041555275       3.407318773541490E-004
  1.837103162695587E-005
          86 -0.465809470021802       2.733836718258350E-004
  2.096757048129547E-005
          43 -0.465809470021802       3.128224247974952E-004
  3.413172477890840E-005
          21 -0.465831730617559       2.835740832772603E-004
  4.483699942752039E-005
          10 -0.465815174326172       2.952418219839934E-004
  6.958916480491775E-005
           5 -0.465815174326172       1.467458592102460E-004
  5.188249607930565E-005
           2 -0.465924239611816       4.814343371188338E-006
  3.404254844727778E-006
