# No.Blocks      Mean       Error        Error_in_Error
        8522   11286.1346321154       0.554139585697472     
  4.244816249797024E-003
        4261   11286.1346321154       0.782246479517577     
  8.474689980879767E-003
        2130   11286.1484856034        1.10189566221558     
  1.688642225442096E-002
        1065   11286.1484856034        1.54328546246082     
  3.345495525803549E-002
         532   11286.2355306741        2.12939692906132     
  6.534229214414970E-002
         266   11286.2355306741        2.84265526052004     
  0.123477054091433     
         133   11286.2355306741        3.77871089362882     
  0.232563578938309     
          66   11286.9366964160        4.85698099229829     
  0.425985412891703     
          33   11286.9366964160        6.39360499602127     
  0.799200624502659     
          16   11287.6930207929        8.27701316031573     
   1.51116893889068     
           8   11287.6930207929        10.9627916430260     
   2.92992930934228     
           4   11287.6930207929        12.5831375650609     
   5.13704439960771     
           2   11287.6930207929        1.72094540477488     
   1.21689216576814     
