# No.Blocks      Mean       Error        Error_in_Error
       11945  -13611.4430272279       0.388187093803595     
  2.511604178751781E-003
        5972  -13611.4434651042       0.547198987224777     
  5.007336199158880E-003
        2986  -13611.4434651042       0.768478500453184     
  9.945910716286577E-003
        1493  -13611.4434651042        1.07100455632880     
  1.960613140402050E-002
         746  -13611.4417179456        1.45636162519669     
  3.772906934163989E-002
         373  -13611.4417179456        1.90265134209666     
  6.975458255249523E-002
         186  -13611.4878300719        2.48628514630511     
  0.129255809935156     
          93  -13611.4878300719        3.31828744919298     
  0.244627396296628     
          46  -13611.9091000691        4.51395426987779     
  0.475812558221874     
          23  -13611.9091000691        6.23645677914073     
  0.940181234439915     
          11  -13614.4257441158        7.98342256344571     
   1.78514755449702     
           5  -13619.4604056369        9.53297236181887     
   3.37041470095303     
           2  -13627.1266159434        6.72258229976319     
   4.75358353124721     
