# No.Blocks      Mean       Error        Error_in_Error
       11945   28488.2906389405       0.828611456019244     
  5.361188016602368E-003
        5972   28488.2940842659        1.17080055619340     
  1.071382101190613E-002
        2986   28488.2940842659        1.65167617493466     
  2.137655608898663E-002
        1493   28488.2940842659        2.31975127771701     
  4.246606431952601E-002
         746   28488.3062613537        3.20974910050805     
  8.315300560462038E-002
         373   28488.3062613537        4.25958694762368     
  0.156164034262906     
         186   28488.3352137189        5.59857618444092     
  0.291056116503372     
          93   28488.3352137189        7.45592940574340     
  0.549658408267813     
          46   28488.9157800670        10.0879509438650     
   1.06336339688863     
          23   28488.9157800670        13.8374321764550     
   2.08607139051327     
          11   28494.1769010482        17.3853592899027     
   3.88748451854799     
           5   28505.0193396204        20.5482146110649     
   7.26489094638026     
           2   28521.8853332242        13.9431858837691     
   9.85932128975764     
