# Block_length   Mean       Error        Error_in_Error
       11945 -0.477790794812465       7.014895519613948E-006
  4.538698267357591E-008
        5972 -0.477790752399662       9.784802016122656E-006
  8.953926173260156E-008
        2986 -0.477790752399662       1.346113297764079E-005
  1.742185717059398E-007
        1493 -0.477790752399662       1.809959447164056E-005
  3.313366180129718E-007
         746 -0.477790486843033       2.333970164412045E-005
  6.046473667728500E-007
         373 -0.477790486843033       2.851569984446352E-005
  1.045436278751357E-006
         186 -0.477791619901928       3.327543134297225E-005
  1.729907301891480E-006
          93 -0.477791619901928       3.615407199668764E-005
  2.665313549078307E-006
          46 -0.477796670296348       4.585374198616299E-005
  4.833408797265602E-006
          23 -0.477796670296348       7.367168104325381E-005
  1.110642380432780E-005
          11 -0.477796771999929       1.245235734169435E-004
  2.784431749614714E-005
           5 -0.477791656387569       2.151234782899641E-004
  7.605763514563533E-005
           2 -0.477777904817170       2.346398748595382E-004
  1.659154466499424E-004
