# No.Blocks      Mean       Error        Error_in_Error
       11913 -0.477744073390414       7.586055166796952E-005
  4.914831764162050E-007
        5956 -0.477741842805574       1.064539610092798E-004
  9.754520928461273E-007
        2978 -0.477741842805574       1.477816405069239E-004
  1.915208533570277E-006
        1489 -0.477741842805574       1.993763715940691E-004
  3.654746212211940E-006
         744 -0.477735062037970       2.528080359185175E-004
  6.558151874273883E-006
         372 -0.477735062037970       2.757725238108957E-004
  1.012392784174136E-005
         186 -0.477735062037970       2.594864755913670E-004
  1.349005950489041E-005
          93 -0.477735062037970       2.432012128988829E-004
  1.792903128452745E-005
          46 -0.477752863162364       2.243477879003134E-004
  2.364833325951183E-005
          23 -0.477752863162364       2.339102112021471E-004
  3.526329114501401E-005
          11 -0.477686212180398       2.156487276982174E-004
  4.822052143945557E-005
           5 -0.477674908193359       2.624100429634956E-004
  9.277596041547052E-005
           2 -0.477854867456055       3.416384329808680E-005
  2.415748526747176E-005
