# Block_length   Mean       Error        Error_in_Error
        8522 -0.465805567009975       1.471905867493674E-005
  1.127508322049341E-007
        4261 -0.465805567009975       2.039424054435876E-005
  2.209468122061973E-007
        2130 -0.465805756901928       2.780057360817187E-005
  4.260405417322149E-007
        1065 -0.465805756901927       3.656391721337636E-005
  7.926234285143305E-007
         532 -0.465805653353084       4.694113296210043E-005
  1.440427184676666E-006
         266 -0.465805653353084       5.446472589872602E-005
  2.365796514010545E-006
         133 -0.465805653353084       6.089101377129287E-005
  3.747582836175761E-006
          66 -0.465796308434764       6.915309759122195E-005
  6.065127880230282E-006
          33 -0.465796308434764       8.327621878306840E-005
  1.040952734788355E-005
          16 -0.465773757731323       1.271377226007804E-004
  2.321206619276060E-005
           8 -0.465773757731323       2.269551562557538E-004
  6.065631691934111E-005
           4 -0.465773757731323       3.679395550866542E-004
  1.502106943581609E-004
           2 -0.465773757731323       1.352142121294035E-004
  9.561088630949754E-005
