# Block_length   Mean       Error        Error_in_Error
       23804 -0.465227797616131       3.476692925292043E-006
  1.593439165948237E-008
       11902 -0.465227797616130       4.844359231483787E-006
  3.139999762080560E-008
        5951 -0.465227797616131       6.671619046001611E-006
  6.115863152214466E-008
        2975 -0.465227788793181       8.987226168724691E-006
  1.165306559697262E-007
        1487 -0.465227896882971       1.188430097991387E-005
  2.179963587842630E-007
         743 -0.465227870141876       1.577067522660007E-005
  4.093863308161316E-007
         371 -0.465228058616478       2.294242103351462E-005
  8.433801705036240E-007
         185 -0.465228328049187       3.817471600235364E-005
  1.989994634756501E-006
          92 -0.465229403018621       7.082296046730368E-005
  5.249747105030503E-006
          46 -0.465229403018621       1.382845597204139E-004
  1.457647246500284E-005
          23 -0.465229403018622       2.746108397654557E-004
  4.139914176665568E-005
          11 -0.465233871949315       5.819486729916308E-004
  1.301276792225082E-004
           5 -0.465244971267724       1.338630254466284E-003
  4.732772652172916E-004
           2 -0.465270183206731       2.358220864263341E-003
  1.667513964656209E-003
