# No.Blocks      Mean       Error        Error_in_Error
       23804   82697.2386405773        5.22572079040087     
  2.395054253183798E-002
       11902   82697.2386405774        7.38997222876204     
  4.790006259091443E-002
        5951   82697.2386405774        10.4434107933685     
  9.573458978129072E-002
        2975   82697.1007671975        14.7612209275381     
  0.191397737778770     
        1487   82696.8158494911        20.8542106356165     
  0.382533393555756     
         743   82696.2735791953        29.4194420971489     
  0.763690665222451     
         371   82695.1027898645        41.5172062694716     
   1.52620285589001     
         185   82693.0456491318        58.7306806354701     
   3.06154836496956     
          92   82688.7576776413        82.9687179761156     
   6.15005055040433     
          46   82688.7576776413        117.692555202392     
   12.4058846028219     
          23   82688.7576776412        166.384759590722     
   25.0834462907232     
          11   82653.2756254920        244.153240566886     
   54.5943242834417     
           5   82568.7431973286        378.549332151344     
   133.837399888927     
           2   82334.0800047949        419.568327136709     
   296.679609289463     
