# No.Blocks      Mean       Error        Error_in_Error
        9412  -5356.95251470089       0.220088493810551     
  1.604221947863331E-003
        4706  -5356.95251470089       0.309572279014803     
  3.191297210992135E-003
        2353  -5356.95251470089       0.433248389468469     
  6.316889798097300E-003
        1176  -5356.94940690714       0.600134503666535     
  1.237982955389279E-002
         588  -5356.94940690714       0.813347417801796     
  2.373788621478772E-002
         294  -5356.94940690714        1.05990393988057     
  4.378422818596000E-002
         147  -5356.94940690714        1.34849744026732     
  7.891484369996654E-002
          73  -5356.95053958012        1.79137695271888     
  0.149281412726573     
          36  -5356.92306195320        2.38696334530704     
  0.285296687974351     
          18  -5356.92306195319        3.03936085847637     
  0.521246086966219     
           9  -5356.92306195320        3.93015016777085     
  0.982537541942712     
           4  -5357.07297409326        6.03180335632280     
   2.46247340863297     
           2  -5357.07297409326        10.3492441019989     
   7.31802068467827     
