# No.Blocks      Mean       Error        Error_in_Error
        9412   11202.5248546518       0.462514830761137     
  3.371264121412877E-003
        4706   11202.5248546518       0.653206152237492     
  6.733726218873536E-003
        2353   11202.5248546518       0.920929423185443     
  1.342742366619030E-002
        1176   11202.5172141805        1.29304754741522     
  2.667353425653763E-002
         588   11202.5172141805        1.79307841397314     
  5.233174709046512E-002
         294   11202.5172141805        2.42372195883915     
  0.100123031259882     
         147   11202.5172141805        3.13806558593047     
  0.183641398077000     
          73   11202.4877807819        4.11550723551151     
  0.342958936292626     
          36   11202.4622753545        5.33202552126753     
  0.637298944872008     
          18   11202.4622753545        6.82323058436624     
   1.17017439131990     
           9   11202.4622753545        7.92093081475597     
   1.98023270368899     
           4   11202.3062258370        12.5592261512677     
   5.12728260580407     
           2   11202.3062258370        21.7129604858110     
   15.3533815991525     
