# No.Blocks      Mean       Error        Error_in_Error
       11428 -0.478434075280014       1.256884617808567E-004
  8.314081926342134E-007
        5714 -0.478434075280014       1.763694772057106E-004
  1.649971025153241E-006
        2857 -0.478434075280014       2.445507781137127E-004
  3.235749923793810E-006
        1428 -0.478438433963586       3.300131754990078E-004
  6.177379672855918E-006
         714 -0.478438433963585       4.093487889245494E-004
  1.084011144429897E-005
         357 -0.478438433963585       4.291753130686822E-004
  1.608402486398485E-005
         178 -0.478451207575492       4.028664266112724E-004
  2.141210899363222E-005
          89 -0.478451207575492       3.483316677512729E-004
  2.625648737567528E-005
          44 -0.478479801384943       3.307160368706504E-004
  3.566202739861282E-005
          22 -0.478479801384943       3.576630425358448E-004
  5.518860562091503E-005
          11 -0.478479801384943       2.261381268275671E-004
  5.056602238909089E-005
           5 -0.478479271123047       2.442379689704009E-004
  8.635116204110002E-005
           2 -0.478378768847656       4.109770019099078E-004
  2.906046249622124E-004
